01411529
01487061
01511658
01527767
01530795
01566916
01567281
01567282
01567329
01568755
01568763
01571217
01571241
01573779
01573782
01574874
01574900
01576068
01576080
01576098
01576695
01576813
01577012
01577016
01577586
01583538
01583586
01585414
01585494
01586015
01588932
01588937
01588943
01589350
01589835
01592853
01593173
01594099
01594111
01604761
01605376
01607298
01607328
01607329
01609293
01612351
01612519
01622280
01633897
01636455
01640401
01646392
01649661
01650392
01665311
01666920
01668568
01669293
01669297
01670089
01671957
01671972
01671999
01676390
01677343
01680261
01680262
01681110
01688657
01690874
01696942
01696951
01696956
01696959
01696962
01696963
01696972
01706885
01707163
01713065
01713066
01713067
01713068
01715516
01721852
01721862
01724477
01726326
01727224
01743727
01745373
01763108
01763581
01764428
01764457
01767551
01769232
01770711
01774911
01778225
01793371
01798349
01818370
01820223
01830181
01830356
01851184
01852071
01866902
01867978
01873824
01876615
01877698
01878739
01881421
01884860
01887427
01895739
01902868
01902879
01904193
01904210
01907492
01915048
01915081
01918731
01926150
01940277
01951711
01960402
01978619
01978620
01978621
01978622
01978625
01981811
01990632
01997246
01999179
01999751
02004510
02034692
02044327
02044541
02052683
02052838
02057920
02058853
02066538
02076344
02078401
02091320
02100921
02103091
02104800
02104888
02112665
02115615
02118532
02135818
02146493
02146749
02147297
02148148
02148723
02151069
02151184
02152040
02152892
02155454
02157401
02163921
02169628
02173265
02180578
02192103
02195964
02234690
02236782
02237740
02241619
02242691
02247657
02252748
02253760
02253823
02256397
02260498
02264766
02269190
02279265
02285883
02289756
02313341
02314365
02319351
02324731
02324804
02325884
02329254
02343260
02344156
02345264
