01572802
01575028
01575828
01576704
01576710
01585425
01585497
01586393
01588229
01588947
01589041
01589738
01589923
01591618
01593160
01593172
01594147
01595784
01598109
01599920
01599954
01599979
01599993
01599997
01601540
01603808
01603810
01604034
01604697
01605454
01606716
01607292
01607297
01607312
01608685
01612398
01613232
01614026
01615641
01615777
01617345
01617361
01619072
01619084
01619108
01619870
01620572
01621329
01621725
01623746
01624672
01626100
01626780
01627605
01628371
01630456
01630546
01632035
01633893
01635488
01635540
01637215
01637938
01638769
01644340
01645740
01649007
01649123
01649604
01651272
01651288
01653645
01656814
01659198
01665521
01666246
01667839
01668545
01669331
01669397
01671660
01674036
01674685
01678585
01682456
01685342
01686093
01687648
01697992
01698285
01709776
01709850
01709871
01711503
01714676
01716269
01723582
01726598
01727226
01728108
01731005
01734810
01736760
01736971
01736977
01737623
01739555
01743722
01749065
01750081
01750227
01750916
01753348
01753459
01754235
01760194
01761225
01763555
01763561
01763574
01765724
01765956
01765960
01766092
01766186
01766748
01767547
01767729
01771623
01774187
01774791
01775908
01778573
01779295
01783481
01783520
01785255
01789049
01789752
01793377
01795255
01795300
01796070
01796135
01796153
01796190
01797048
01797085
01800636
01802477
01802551
01804247
01804256
01804342
01809136
01809142
01817302
01817362
01818289
01818334
01820214
01828416
01828569
01831178
01831203
01831729
01831844
01832531
01833476
01833494
01833497
01833554
01833565
01834723
01837115
01837117
01840022
01846564
01846566
01848527
01849296
01849421
01850954
01854020
01858905
01860221
01871608
01872535
01879532
01879560
01879566
01880425
01886619
01893028
01895960
01897829
01900733
01901585
01902655
01907640
01908157
01911949
01914081
01917747
01918619
01920465
01921382
01921646
01922348
01932333
01938049
01940374
01942924
01946937
01950293
01951653
01952603
01952655
01953626
01953717
01954263
01955560
01960381
01962406
01965996
01966022
01966969
01967076
01970741
01971950
01972983
01974863
01981823
01985738
01986941
01993476
01996184
01996220
01997930
01998830
01998831
01998899
01999387
02001465
02001903
02003428
02007129
02008112
02010323
02012183
02012556
02013555
02015822
02016747
02016990
02022083
02022321
02024024
02025161
02027777
02030242
02030875
02031685
02038424
02038541
02041159
02042286
02043292
02043294
02046547
02052663
02054627
02054793
02061855
02069731
02073089
02078676
02092042
02092829
02094012
02094840
02094936
02096711
02097757
02106991
02107691
02107907
02108528
02111033
02112629
02112672
02122309
02123398
02124426
02127576
02128786
02129518
02132452
02132453
02133146
02135744
02135758
02135908
02136753
02136754
02137647
02139590
02140424
02140590
02144251
02145211
02146240
02146256
02146326
02146432
02147446
02148192
02152793
02152863
02154575
02157510
02157602
02160276
02160408
02163814
02163923
02164772
02164945
02165012
02168391
02168439
02168534
02171272
02175631
02175730
02176770
02177647
02179588
02181407
02181483
02182465
02183319
02183474
02183525
02184461
02184470
02185325
02185329
02186442
02196784
02234612
02237745
02240811
02242961
02245549
02245681
02246805
02247638
02249533
02252676
02252857
02255988
02260091
02260453
02262548
02262587
02266962
02267055
02268204
02270082
02271227
02273312
02278441
02278774
02279531
02280014
02281044
02283123
02283137
02283149
02283443
02284882
02288721
02289755
02290703
02290899
02290912
02290978
02292957
02294055
02294266
02296050
02296879
02297801
02298884
02306084
02314450
02318534
02318672
02319377
02320311
02322442
02324713
02325127
02325758
02326765
02326834
02326955
02327988
02330366
02331609
02332458
02333614
02334789
02335615
02336699
02338941
02340238
02340316
02340443
02341296
02342257
02342504
02349498
02349644
02355869
